27
1 4 0.600000
1 11 0.200000
1 27 0.200000
2 2 0.300000
2 5 0.200000
2 12 0.400000
2 25 0.100000
3 6 0.400000
3 7 0.300000
3 23 0.300000
4 1 0.600000
4 18 0.200000
4 26 0.200000
5 2 0.400000
5 12 0.100000
5 21 0.200000
5 25 0.300000
6 17 1.000000
7 3 0.300000
7 20 0.400000
7 23 0.300000
8 9 1.000000
9 9 0.100000
9 16 0.900000
10 12 0.400000
10 19 0.200000
10 22 0.200000
10 24 0.200000
11 1 0.500000
11 18 0.500000
12 2 0.100000
12 5 0.400000
12 12 0.300000
12 21 0.200000
13 3 0.300000
13 15 0.700000
14 2 0.100000
14 5 0.200000
14 8 0.100000
14 9 0.100000
14 14 0.400000
14 16 0.100000
15 13 0.500000
15 26 0.500000
16 8 1.000000
17 20 1.000000
18 4 0.500000
18 11 0.500000
19 10 0.100000
19 19 0.500000
19 22 0.100000
19 24 0.300000
20 6 1.000000
21 2 0.200000
21 5 0.300000
21 12 0.100000
21 21 0.100000
21 25 0.300000
22 10 0.200000
22 16 0.400000
22 19 0.200000
22 24 0.200000
23 3 0.300000
23 7 0.300000
23 17 0.400000
24 10 0.300000
24 14 0.100000
24 19 0.300000
24 22 0.300000
25 2 0.200000
25 12 0.200000
25 21 0.500000
25 25 0.100000
26 4 0.500000
26 27 0.500000
27 1 0.500000
27 26 0.500000